# Created by Octave 5.2.0, Thu Jan 28 17:43:54 2021 GMT <unknown@LAPTOP-HHT741NQ>
# name: data
# type: matrix
# rows: 1000
# columns: 4
 1 9058937 0.30161786079406738 12704
 2 9604075 0.15363192558288574 3210
 3 912959 0.01401209831237793 912958
 4 8540109 16.926456928253174 948892
 5 5385174 0.73499202728271484 38885
 6 2357115 2.826887845993042 157126
 7 9869953 0.37850713729858398 16968
 8 8161236 0.50629091262817383 24865
 9 7333444 0.1126410961151123 1443
 10 4119648 0.099574089050292969 2053
 11 311228 0.055932044982910156 2567
 12 550907 0.21089005470275879 11194
 13 5266579 0.25693798065185547 11730
 14 4432639 0.074810981750488281 210
 15 5462615 0.88790512084960938 47386
 16 2167866 0.096314191818237305 3631
 17 8766142 1.074819803237915 56769
 18 1747710 0.13761401176452637 6203
 19 564224 0.027906894683837891 320
 20 2221471 5.699470043182373 317346
 21 2362149 0.065994977951049805 1420
 22 1989706 17.693135023117065 994851
 23 6594228 0.10149693489074707 1208
 24 8004364 0.18413591384887695 6363
 25 9984837 0.2186579704284668 7804
 26 8653747 4.0232169628143311 211026
 27 468448 0.26046299934387207 14607
 28 8628677 0.054747104644775391 8628676
 29 88786 0.010895967483520508 225
 30 4236482 0.53220200538635254 28871
 31 3056722 0.52537107467651367 28731
 32 6151283 0.55017185211181641 28942
 33 6255869 0.14104819297790527 4532
 34 8927560 0.10924506187438965 162
 35 9561775 0.12782406806945801 1518
 36 1981055 0.24028801918029785 12626
 37 7728882 0.10505104064941406 641
 38 2878326 0.27849698066711426 14339
 39 8637494 0.71308517456054688 37993
 40 675809 0.52507495880126953 29360
 41 7557977 19.183512926101685 1079704
 42 3418425 0.30364513397216797 14968
 43 3201950 0.096944093704223633 2917
 44 1381589 0.048270940780639648 988
 45 896525 0.034373998641967773 412
 46 1170404 5.2480640411376953 292597
 47 1553657 3.9709391593933105 221944
 48 6268515 0.71748805046081543 37826
 49 2559619 0.023859977722167969 2559618
 50 5924590 0.11020183563232422 2163
 51 3645399 23.757510185241699 1215130
 52 5923438 0.090823888778686523 333
 53 8891658 0.52062106132507324 25657
 54 8262537 1.0031569004058838 46504
 55 4371555 5.3091709613800049 291422
 56 2602080 0.056928157806396484 108
 57 6520966 0.30441498756408691 14175
 58 4072128 0.070181846618652344 28
 59 4725758 42.590557098388672 2362877
 60 5740838 0.12613797187805176 3287
 61 3561799 0.030462980270385742 3561798
 62 4609877 1.1592099666595459 63076
 63 1918957 0.19192910194396973 9444
 64 389464 0.022416114807128906 165
 65 3492305 0.42870807647705078 22376
 66 956122 0.057823896408081055 2091
 67 745834 6.6373651027679443 372915
 68 3383101 0.029019832611083984 3383100
 69 2118212 0.0753631591796875 2369
 70 2105089 0.78337407112121582 42912
 71 5319641 0.95544099807739258 51544
 72 7372691 0.35278892517089844 16594
 73 6566732 0.14886999130249023 4669
 74 2421645 0.053574800491333008 188
 75 416328 0.022697925567626953 37
 76 6758647 0.41064119338989258 20214
 77 1435468 6.3727619647979736 358863
 78 7116753 6.064507007598877 338872
 79 3888531 7.7289209365844727 432050
 80 5023855 0.088345050811767578 1134
 81 9124920 0.11784100532531738 78
 82 1705620 0.044292926788330078 8
 83 2230060 0.056581974029541016 684
 84 5167644 0.086635112762451172 593
 85 6026107 0.043820858001708984 6026106
 86 3328501 0.073240995407104492 1164
 87 5113617 1.8243391513824463 100216
 88 9761653 15.871763944625854 887412
 89 7946558 73.32608699798584 3973277
 90 3359018 2.4638669490814209 129167
 91 8831872 0.2381749153137207 8961
 92 2347921 2.6515729427337646 138096
 93 2310919 3.4195499420166016 177750
 94 5680019 0.041408061981201172 5680018
 95 2187304 0.061967849731445312 822
 96 1945584 0.050129890441894531 42
 97 5806809 0.12568807601928711 2840
 98 3558548 0.15766406059265137 6157
 99 2883900 0.21087193489074707 9313
 100 8087400 0.1407921314239502 2693
 101 1555306 0.66373491287231445 33765
 102 1484701 0.017254829406738281 1484700
 103 4240797 2.4726259708404541 128476
 104 3960041 0.81966710090637207 38344
 105 8165661 0.15246009826660156 2500
 106 7275450 0.1157991886138916 65
 107 3287345 13.630424022674561 657464
 108 8799240 1.6133041381835938 73207
 109 2367929 0.02454686164855957 2367928
 110 8641894 0.39979696273803711 15525
 111 5999959 16.622215986251831 857130
 112 8445349 14.498038053512573 767748
 113 1967791 0.1291511058807373 5394
 114 5280407 0.35864114761352539 16234
 115 3793873 0.13287091255187988 4608
 116 9043616 0.1289980411529541 1115
 117 154165 0.060019969940185547 2748
 118 2671579 0.89257693290710449 45222
 119 8597296 10.03184700012207 537315
 120 6748596 0.10475683212280273 504
 121 9403756 1.0913150310516357 54501
 122 5645092 0.21250104904174805 8361
 123 2317035 0.44356393814086914 21962
 124 6666001 0.046180009841918945 6666000
 125 6165380 0.1030890941619873 928
 126 6436722 0.15858006477355957 4841
 127 3475563 0.079931974411010742 1322
 128 195520 0.016798973083496094 54
 129 7046243 0.14538908004760742 3778
 130 8274382 0.2690742015838623 10539
 131 572880 0.028908014297485352 26
 132 2989193 1.5792169570922852 80752
 133 2966372 14.031790018081665 741589
 134 2771721 6.5376439094543457 307960
 135 5901093 0.10769915580749512 1028
 136 1036095 1.4938201904296875 69058
 137 711160 0.033158063888549805 147
 138 3905985 5.5700478553771973 260384
 139 5478618 17.205651044845581 913097
 140 6680693 0.48516607284545898 22508
 141 2549412 0.084424018859863281 2251
 142 4564872 0.13144993782043457 3941
 143 7288298 71.194478988647461 3644147
 144 4632381 0.082450151443481445 340
 145 8623362 2.5293121337890625 130591
 146 2748472 6.6094999313354492 343551
 147 1509234 4.706449031829834 251533
 148 8032460 0.12302303314208984 1372
 149 8288761 12.230849981307983 637584
 150 3107293 8.9743678569793701 443892
 151 881755 0.051175117492675781 1638
 152 9734496 0.1207120418548584 295
 153 145768 0.015959024429321289 258
 154 4007330 0.17535805702209473 7031
 155 1777350 0.045911788940429688 119
 156 3279472 0.073464155197143555 879
 157 2865449 0.060029983520507812 440
 158 6734264 0.5884861946105957 28795
 159 255934 0.021538972854614258 345
 160 5355168 0.091337203979492188 268
 161 6796018 0.53780913352966309 25677
 162 7937653 0.54922890663146973 25212
 163 1867124 1.2961959838867188 66655
 164 9062946 0.11867094039916992 221
 165 6345025 4.8207221031188965 253776
 166 8005588 36.966723918914795 2001393
 167 4760483 0.96824789047241211 52222
 168 5243879 0.040392160415649414 5243878
 169 4405879 0.035712003707885742 4405878
 170 5763210 0.15297985076904297 5267
 171 9827491 0.24493503570556641 9150
 172 5427020 4.8752169609069824 271331
 173 7709099 4.794564962387085 265802
 174 9868594 91.259070873260498 4934295
 175 6213275 0.12482905387878418 2342
 176 7462953 0.11952614784240723 952
 177 6074973 0.11130809783935547 1252
 178 6890258 0.59089303016662598 26873
 179 3140782 0.8763890266418457 42369
 180 5325905 1.6676421165466309 81872
 181 7370067 0.11335301399230957 494
 182 3259564 0.075857877731323242 765
 183 8202167 8.5986599922180176 431674
 184 308139 0.14804601669311523 7862
 185 1436946 0.62523007392883301 34171
 186 7458439 0.38729190826416016 18390
 187 6982567 0.048516988754272461 6982566
 188 6716924 0.17740297317504883 6275
 189 9472891 0.18717384338378906 5850
 190 938124 0.03298497200012207 85
 191 9636645 0.30586719512939453 12964
 192 4968290 0.10135102272033691 2017
 193 1675486 0.95375514030456543 49245
 194 1683051 0.052516937255859375 586
 195 2101114 0.05757594108581543 495
 196 4541303 6.2387750148773193 349318
 197 815779 0.031295061111450195 222
 198 27772 0.0062100887298583984 81
 199 5113246 0.23117399215698242 9195
 200 5399141 0.92821192741394043 44500
 201 8494609 0.48090100288391113 21000
 202 3147894 0.067553043365478516 343
 203 2150200 0.05628514289855957 354
 204 4600715 2.5017991065979004 131414
 205 4984343 1.0114850997924805 54682
 206 2107328 0.052726030349731445 517
 207 4916620 0.14101696014404297 4857
 208 303575 0.2208249568939209 12118
 209 7828638 0.15993809700012207 4513
 210 8792044 38.937351942062378 2198007
 211 3968991 0.6343071460723877 33806
 212 4636340 0.21622681617736816 9619
 213 6484623 0.21561789512634277 8578
 214 4804735 0.082834959030151367 594
 215 3406686 0.12145185470581055 4555
 216 3957167 0.033167123794555664 3957166
 217 2625388 11.702662944793701 656343
 218 71929 0.012842178344726562 360
 219 5047023 0.089776992797851562 1058
 220 7519608 0.1126251220703125 1102
 221 1718211 0.95191001892089844 52034
 222 3581546 0.11543512344360352 4055
 223 9426094 85.210870981216431 4713045
 224 448022 4.2736470699310303 224009
 225 9302237 24.691445827484131 1328884
 226 8462920 3.8983538150787354 211533
 227 2556243 0.061774015426635742 878
 228 9835506 0.12249302864074707 399
 229 705439 0.034821987152099609 690
 230 4868406 0.085694074630737305 801
 231 829282 7.3969240188598633 414639
 232 7586870 13.914618015289307 758677
 233 5995505 0.29212713241577148 14032
 234 7511807 0.1067051887512207 1106
 235 7569058 0.10142898559570312 453
 236 8205182 73.914793968200684 4102589
 237 4912586 6.9752979278564453 350885
 238 7539745 1.2173888683319092 65448
 239 7051213 9.5233349800109863 542388
 240 8574102 0.17469000816345215 5431
 241 813511 0.012817144393920898 813510
 242 3917773 0.16932296752929688 7188
 243 5248750 0.084156036376953125 165
 244 3976062 0.074713945388793945 559
 245 5881366 0.36411309242248535 17715
 246 8445249 0.13190197944641113 2352
 247 7948823 6.1815381050109863 345578
 248 1296179 0.11559605598449707 5330
 249 7502668 0.29754281044006348 13143
 250 103912 0.013269901275634766 171
 251 554306 0.028773069381713867 455
 252 7058530 0.11262011528015137 1557
 253 2113277 0.53722906112670898 28876
 254 9397470 5.6125941276550293 313219
 255 5317521 2.8895938396453857 161104
 256 1607950 0.59739494323730469 32109
 257 2887407 0.073197126388549805 1326
 258 1189769 0.45483207702636719 24232
 259 4333324 0.20625209808349609 9135
 260 6960325 4.943112850189209 278388
 261 7133258 5.8140678405761719 324217
 262 2599824 0.98634791374206543 54115
 263 706680 0.029753923416137695 126
 264 4245856 0.075716018676757812 300
 265 4145952 0.076251983642578125 449
 266 8422282 0.41164517402648926 19731
 267 8457520 0.10936784744262695 138
 268 8545572 0.65488314628601074 33659
 269 9290609 0.060201883316040039 9290608
 270 2677673 0.024754047393798828 2677672
 271 8362834 74.984174966812134 4181415
 272 2674501 0.67090415954589844 36564
 273 2416456 0.78799700736999512 43095
 274 2188429 0.021771907806396484 2188428
 275 6114181 5.7407000064849854 321780
 276 166002 0.01437687873840332 59
 277 4985380 0.1611170768737793 5997
 278 1955252 0.056170940399169922 991
 279 4997291 6.7718269824981689 384394
 280 3656573 0.029722929000854492 3656572
 281 5180368 0.093028068542480469 1557
 282 5529759 33.069630861282349 1843250
 283 6845673 41.60309910774231 2281888
 284 4058505 0.090327024459838867 1248
 285 5455586 50.781660079956055 2727791
 286 936883 0.17974710464477539 8178
 287 2001083 0.089432954788208008 2822
 288 2123318 0.069125890731811523 1367
 289 8899097 1.5974998474121094 86296
 290 4370338 0.094372987747192383 2127
 291 5658132 0.089344024658203125 689
 292 1143764 0.082308053970336914 3625
 293 3448308 0.073960065841674805 1187
 294 2562585 0.060120820999145508 808
 295 4615591 0.38829278945922852 20106
 296 4663867 0.082448005676269531 774
 297 1270810 2.2166850566864014 127071
 298 6296749 0.21545600891113281 9348
 299 5954712 0.13613700866699219 4151
 300 6189424 6.9106781482696533 386823
 301 1551918 0.081840038299560547 3217
 302 720180 0.082422018051147461 3821
 303 8990683 13.110138893127441 691578
 304 4738816 0.098705053329467773 1056
 305 6629817 40.971445083618164 2209936
 306 2984737 1.2354931831359863 60864
 307 3495615 0.1182551383972168 3602
 308 2144027 0.069121122360229492 1414
 309 8113975 0.16588377952575684 4026
 310 3943985 0.15782403945922852 5576
 311 5994449 0.044821023941040039 5994448
 312 421304 0.091369152069091797 3947
 313 4592097 9.7982351779937744 510224
 314 4747926 14.965605974197388 791315
 315 969909 0.039160013198852539 380
 316 5926980 0.097213029861450195 311
 317 9648339 2.8291490077972412 139762
 318 915036 1.5337798595428467 76241
 319 2997536 0.072226047515869141 940
 320 2058295 0.093490839004516602 3078
 321 408492 0.042351961135864258 1369
 322 3733948 0.08546900749206543 1092
 323 2915939 3.9885790348052979 224290
 324 3468981 21.437517881393433 1156324
 325 67067 0.012176036834716797 326
 326 3812640 0.071619033813476562 148
 327 5418682 0.1005561351776123 1731
 328 1707433 0.066511154174804688 1992
 329 5968218 0.14541506767272949 4483
 330 2551323 0.068869113922119141 1562
 331 1781746 0.055823087692260742 1125
 332 2554100 0.47365498542785645 25441
 333 6408033 38.294089078903198 2136008
 334 3151693 0.26114606857299805 12948
 335 583222 0.026787996292114258 219
 336 6196049 0.19379901885986328 7720
 337 6822304 0.26991486549377441 11997
 338 6228579 0.11164712905883789 2050
 339 1436586 4.2621090412139893 239425
 340 5018663 6.8757400512695312 386038
 341 9447343 0.19080209732055664 6162
 342 523376 0.093582868576049805 4561
 343 5425051 0.17674589157104492 7014
 344 8300650 3.1127588748931885 165963
 345 139866 0.46699309349060059 23305
 346 4346930 1.2736318111419678 62029
 347 2342673 0.063905000686645508 808
 348 6228888 5.1455140113830566 259513
 349 2242053 0.16210603713989258 7252
 350 6745937 11.210699796676636 613256
 351 5092074 0.097856998443603516 945
 352 7487654 0.16353893280029297 2903
 353 5697776 1.1951630115509033 50761
 354 9473199 3.6266310214996338 185698
 355 3309605 0.10543489456176758 2972
 356 256920 0.051575183868408203 2021
 357 3916144 4.7420899868011475 244743
 358 2953489 0.066037178039550781 888
 359 1743807 0.059982061386108398 1406
 360 8718902 0.13002610206604004 1811
 361 654127 0.011070966720581055 654126
 362 1493815 0.048652887344360352 954
 363 903515 0.036920070648193359 634
 364 3490030 0.12198615074157715 4539
 365 1288045 0.053776025772094727 1524
 366 5078983 1.0246419906616211 55722
 367 433249 0.0091850757598876953 433248
 368 1944682 0.67235112190246582 33471
 369 8774582 79.269083023071289 4387289
 370 8122391 0.15243816375732422 3994
 371 4529984 0.077332973480224609 455
 372 9386638 0.41697788238525391 19677
 373 3679641 0.3785550594329834 19280
 374 3932452 17.563530921936035 983109
 375 4804849 0.098359107971191406 1920
 376 329940 0.020787954330444336 21
 377 9899379 2.8438630104064941 157070
 378 8712723 0.14716696739196777 2482
 379 4319851 0.12117910385131836 3210
 380 7915225 0.15732693672180176 3384
 381 7776067 11.512038946151733 598146
 382 5761941 0.19194388389587402 7780
 383 7867792 8.7394959926605225 491721
 384 3861067 9.6942799091339111 551574
 385 9013900 0.11689281463623047 495
 386 8858411 0.11684513092041016 650
 387 1638668 0.099586009979248047 4247
 388 1744755 0.070216894149780273 2222
 389 3116814 0.56664586067199707 30455
 390 9266734 0.20365405082702637 7005
 391 8314323 0.14352202415466309 3218
 392 726825 0.027967929840087891 56
 393 9176731 5.6704330444335938 316410
 394 945175 0.048269987106323242 1434
 395 7780827 47.469593048095703 2593606
 396 5498594 0.12496495246887207 2707
 397 9796624 0.77579283714294434 35745
 398 9870679 0.13338518142700195 678
 399 7708924 0.13192605972290039 1875
 400 5735938 3.9790470600128174 220587
 401 3920280 0.074213981628417969 334
 402 3565611 1.0325980186462402 56534
 403 1301258 0.056406021118164062 1693
 404 9583794 0.11731386184692383 207
 405 9568410 0.11623787879943848 73
 406 4934195 2.5410449504852295 140942
 407 9783810 1.9844110012054443 108619
 408 9710622 9.6049120426177979 539461
 409 7493699 6.0142159461975098 325790
 410 1910926 0.045769214630126953 39
 411 9235758 0.13199996948242188 1807
 412 1324859 0.056548118591308594 1670
 413 3996626 0.073960065841674805 445
 414 1266102 0.056796073913574219 1711
 415 4945521 0.082774162292480469 520
 416 9336873 0.1406409740447998 2368
 417 9783053 24.785175085067749 1397572
 418 7537724 0.17270398139953613 5695
 419 6754020 0.098872900009155273 256
 420 5205745 19.151931047439575 1041144
 421 6166232 0.3034970760345459 14119
 422 1978066 0.35063314437866211 18555
 423 3525258 0.067346096038818359 323
 424 4372592 0.7256619930267334 38929
 425 8805024 0.11635494232177734 252
 426 736283 0.10436487197875977 5158
 427 2334312 0.056895017623901367 534
 428 6859535 0.34219908714294434 16114
 429 1833279 1.5584990978240967 87278
 430 8601500 0.36402201652526855 16703
 431 8247798 0.11730599403381348 993
 432 9707788 44.890079021453857 2426943
 433 5810130 0.086889028549194336 39
 434 1096628 0.38652586936950684 21037
 435 3133602 0.062022924423217773 299
 436 8262988 0.11981105804443359 1308
 437 8128359 16.836632013320923 903142
 438 3920879 3.0082740783691406 170450
 439 7267323 0.10947585105895996 218
 440 9291505 0.25094699859619141 8448
 441 9993182 2.7490580081939697 134969
 442 5039938 46.82330584526062 2519967
 443 8538124 5.6563169956207275 304905
 444 3490175 0.24137783050537109 10414
 445 8180532 0.11970710754394531 381
 446 5061880 2.5378639698028564 126507
 447 9758574 0.13161206245422363 1195
 448 9961006 8.2857441902160645 452751
 449 324364 0.025238990783691406 645
 450 9683630 0.12334799766540527 407
 451 7902998 0.10831212997436523 547
 452 7329154 10.126585006713867 523497
 453 3759588 0.13308215141296387 4217
 454 3653737 0.033766984939575195 3653736
 455 4259703 0.10109591484069824 1802
 456 5388551 0.12733793258666992 2986
 457 1959380 0.0535430908203125 313
 458 1692826 1.0134530067443848 49755
 459 1569152 0.046422004699707031 116
 460 1425876 0.093719959259033203 3461
 461 3974735 0.090449094772338867 1394
 462 5127391 0.12940788269042969 3294
 463 6374514 0.18145084381103516 5825
 464 1889808 0.79975986480712891 39323
 465 9916796 0.1417088508605957 1405
 466 8088655 0.12815403938293457 1458
 467 447378 0.027548074722290039 343
 468 4370493 0.12041902542114258 3068
 469 4898212 2.186262845993042 111279
 470 2575167 0.067668914794921875 1426
 471 2025033 0.057106971740722656 992
 472 7263794 4.2664580345153809 213607
 473 1823526 0.69153594970703125 33715
 474 680478 0.11237502098083496 4793
 475 8196589 0.16145110130310059 3612
 476 8384503 0.058723926544189453 8384502
 477 2841013 0.10068702697753906 2868
 478 3711790 7.0812051296234131 371169
 479 7840259 0.17943811416625977 6050
 480 915430 0.066035032272338867 2643
 481 4346367 27.095785140991211 1448786
 482 5130229 7.7144920825958252 394620
 483 4628742 0.075114011764526367 29
 484 5869774 1.8322839736938477 101145
 485 5235959 1.0856900215148926 58742
 486 5582687 0.1029200553894043 1886
 487 2756570 4.9172408580780029 275647
 488 4721415 5.6048650741577148 314746
 489 5859596 25.914992094039917 1464895
 490 7651821 45.826700925827026 2550604
 491 4448665 0.099970817565917969 2688
 492 6046108 26.973779916763306 1511523
 493 853712 0.032282829284667969 16
 494 4483674 0.084499835968017578 23
 495 7976431 0.17771506309509277 4830
 496 9847091 0.064113140106201172 9847090
 497 3071757 0.089934825897216797 1964
 498 7278635 0.14652395248413086 3158
 499 258742 0.020153999328613281 201
 500 7667574 0.11327695846557617 277
 501 3266669 0.069403171539306641 332
 502 4474368 0.084223031997680664 362
 503 4487453 0.095446109771728516 1348
 504 4724576 0.10080504417419434 1510
 505 9140319 0.17234396934509277 3982
 506 9503963 0.34051084518432617 13318
 507 998737 0.014644145965576172 998736
 508 1316392 0.06007695198059082 1521
 509 8835744 0.11933112144470215 7
 510 4970450 2.007824182510376 99359
 511 5011814 0.88176798820495605 42355
 512 7075292 0.12386012077331543 1571
 513 6792896 0.24656796455383301 8945
 514 9248740 9.1183609962463379 462417
 515 3843760 0.06891322135925293 249
 516 5703452 26.957874059677124 1425859
 517 8168882 0.11980700492858887 1489
 518 9159292 0.17205309867858887 4899
 519 2340548 1.506756067276001 83563
 520 1536246 0.046287059783935547 585
 521 2964421 0.17818999290466309 8196
 522 5506802 0.1889798641204834 7711
 523 1959703 0.3661949634552002 19302
 524 5425357 0.11506795883178711 2844
 525 4109908 1.6936922073364258 93363
 526 8691183 0.13014888763427734 1838
 527 8890254 0.12757492065429688 1603
 528 3303621 6.53997802734375 367060
 529 8565446 78.922830820083618 4282721
 530 9696916 2.2658929824829102 127515
 531 4267105 0.10011196136474609 2712
 532 8765256 0.140869140625 3251
 533 6347407 0.099189043045043945 1074
 534 3608822 0.26702594757080078 13301
 535 9259483 5.214669942855835 298662
 536 930501 0.03596806526184082 564
 537 3314640 0.064776897430419922 293
 538 5718978 1.9178619384765625 105853
 539 2725182 0.058213949203491211 319
 540 2825857 0.025256872177124023 2825856
 541 5097588 0.09082484245300293 1063
 542 872515 0.035622835159301758 606
 543 9615967 0.25209903717041016 9954
 544 1192759 0.16793107986450195 8442
 545 3542912 0.0751190185546875 1064
 546 3177473 0.2180030345916748 10328
 547 8888235 0.51583194732666016 25418
 548 3028072 6.8326308727264404 378501
 549 7369226 0.125701904296875 1645
 550 5419153 0.22309088706970215 8448
 551 8037295 4.4541819095611572 229602
 552 2440748 10.723260879516602 610183
 553 105878 0.010986089706420898 17
 554 6983588 31.166697025299072 1745893
 555 4910506 44.59764289855957 2455251
 556 4223944 9.3856680393218994 527985
 557 119663 0.13190889358520508 7022
 558 3542332 0.25079894065856934 12189
 559 2088571 0.16876602172851562 8070
 560 2148696 0.070538997650146484 1921
 561 1728229 0.019114017486572266 1728228
 562 9824001 0.129302978515625 1280
 563 557881 0.096944093704223633 4824
 564 9380318 0.35419011116027832 16007
 565 561729 0.031463861465454102 680
 566 4430528 0.078943014144897461 497
 567 7258509 0.31856489181518555 14740
 568 5807558 0.10461282730102539 1783
 569 2954634 0.065491914749145508 683
 570 4269645 0.59775710105895996 31492
 571 9503712 0.64656209945678711 32711
 572 8373868 37.018833875656128 2093463
 573 3716556 5.5176429748535156 309701
 574 6748984 0.1011970043182373 717
 575 1130958 0.041955947875976562 737
 576 9431606 0.25334405899047852 10025
 577 4241213 0.41797804832458496 21332
 578 1058979 0.072407007217407227 2978
 579 4106493 0.18654394149780273 8132
 580 9682387 1.2546868324279785 67566
 581 8215948 2.8500280380249023 157947
 582 5529776 0.090589046478271484 680
 583 1740232 0.047151088714599609 354
 584 954315 0.13950490951538086 6934
 585 1982796 3.1370279788970947 165221
 586 656458 0.034581899642944336 543
 587 5243004 0.09583282470703125 647
 588 3228524 0.078133106231689453 1123
 589 8030390 0.54584908485412598 27401
 590 5692120 0.093111038208007812 774
 591 2005112 0.054762840270996094 854
 592 953818 0.074147939682006836 3153
 593 3509556 0.12013506889343262 4249
 594 4827835 17.713313102722168 965562
 595 5301846 0.51437497138977051 26579
 596 4190120 0.073868989944458008 182
 597 8637935 31.890925168991089 1727582
 598 944065 0.10271000862121582 4176
 599 1478563 0.017909049987792969 1478562
 600 9516803 0.16359090805053711 3298
 601 4321530 0.9604189395904541 47927
 602 8993281 0.16311907768249512 4800
 603 9586024 3.0057599544525146 171123
 604 7213095 0.11041092872619629 1526
 605 8123824 0.57002615928649902 29595
 606 1255604 0.8052060604095459 44815
 607 4527123 0.15735793113708496 6098
 608 343943 0.0081250667572021484 343942
 609 3149247 0.33083295822143555 17026
 610 2015546 1.3981630802154541 77495
 611 9039070 1.0045819282531738 53001
 612 8110170 0.10689997673034668 123
 613 5639315 1.8567430973052979 102478
 614 4896112 0.45486712455749512 23331
 615 226909 0.045563936233520508 2100
 616 1535550 0.044556140899658203 391
 617 3253898 29.20878791809082 1626947
 618 9373539 0.23153305053710938 8510
 619 2412889 0.2843940258026123 14640
 620 6389820 0.2562711238861084 11293
 621 1439869 1.2021880149841309 62580
 622 3648611 0.55355691909790039 26110
 623 7789981 7.6717610359191895 409980
 624 8395671 2.8957400321960449 164570
 625 7746759 0.13852095603942871 3158
 626 9303963 55.648736000061035 3101318
 627 1774168 0.36886501312255859 20073
 628 3439444 15.023223161697388 859857
 629 4295685 0.10446405410766602 2828
 630 3531768 0.07396697998046875 967
 631 6788523 0.10499811172485352 1238
 632 1357828 0.27167105674743652 14667
 633 3564464 4.201653003692627 222763
 634 4358472 3.3347868919372559 181579
 635 2715743 0.32183599472045898 16498
 636 5010634 0.79364585876464844 42345
 637 1569645 0.044342041015625 204
 638 4766677 0.30828499794006348 14916
 639 5785860 1.7644338607788086 96371
 640 1131858 0.041008949279785156 563
 641 366972 0.020792961120605469 59
 642 4832727 0.7098078727722168 37334
 643 7977990 0.10937595367431641 397
 644 5549292 0.087652921676635742 76
 645 9100817 16.212523937225342 827336
 646 5728876 0.1098940372467041 1461
 647 9365165 0.28930997848510742 10676
 648 9613335 0.16536712646484375 3178
 649 7700896 0.12393593788146973 1254
 650 4306024 0.098981142044067383 1575
 651 2676630 0.1858980655670166 7781
 652 4945759 0.088032960891723633 270
 653 4266405 0.081103086471557617 156
 654 2542690 0.32227396965026855 14787
 655 2454763 0.062258005142211914 438
 656 6955169 9.7465479373931885 535000
 657 5597982 0.098871946334838867 1221
 658 5927660 0.099786043167114258 1204
 659 7327727 0.27867579460144043 11986
 660 6550372 1.8998661041259766 96261
 661 4695976 0.1241450309753418 3111
 662 9787175 7.580643892288208 391462
 663 546082 0.050550937652587891 1719
 664 3091821 0.9113459587097168 44740
 665 7571762 6.7287600040435791 344149
 666 7413242 68.071336984634399 3706619
 667 4289241 0.074837207794189453 256
 668 1838908 0.04764103889465332 303
 669 889642 0.62128996849060059 34191
 670 5318971 0.094902992248535156 1254
 671 514856 0.02661895751953125 370
 672 6829162 63.157265901565552 3414579
 673 1774245 0.20983600616455078 10588
 674 7258966 0.10320901870727539 555
 675 96199 0.0037808418273925781 96198
 676 718466 0.030491113662719727 319
 677 5729658 1.5832309722900391 86747
 678 9472052 42.278690099716187 2368009
 679 5842476 0.089651107788085938 236
 680 2870507 0.07903599739074707 2026
 681 285551 0.021864891052246094 430
 682 9386092 41.214906930923462 2346519
 683 3366184 0.067390203475952148 675
 684 7850490 0.11724400520324707 1201
 685 1940922 0.2315521240234375 11819
 686 4706210 8.364631175994873 470611
 687 5016779 0.1048130989074707 2230
 688 6585752 15.210423946380615 823211
 689 3533274 0.070457935333251953 625
 690 9022199 0.16470599174499512 4550
 691 9660564 0.12455391883850098 920
 692 5567519 0.041830062866210938 5567518
 693 1488198 4.6755630970001221 248027
 694 5669430 0.33449697494506836 14147
 695 7289106 2.2534158229827881 110375
 696 1010064 0.053853034973144531 1385
 697 776001 0.15123295783996582 6880
 698 8806977 0.13711786270141602 1656
 699 7167634 0.17048907279968262 4785
 700 9243130 0.13327813148498535 1143
 701 1913345 1.1097879409790039 54632
 702 9753771 2.8189129829406738 141290
 703 7819929 0.50092291831970215 21928
 704 1671349 0.020108938217163086 1671348
 705 7832002 4.5131490230560303 230319
 706 27500 0.0066869258880615234 95
 707 9301582 1.804008960723877 98859
 708 2291754 0.2588191032409668 12997
 709 1680853 0.23492693901062012 12132
 710 958493 0.034769058227539062 332
 711 7068117 6.5165290832519531 336556
 712 6284958 0.1141669750213623 1297
 713 5383012 1.2048518657684326 58419
 714 1910212 8.9229490756988525 477549
 715 2389949 0.17420291900634766 8548
 716 4766147 0.036865949630737305 4766146
 717 2279234 0.059678077697753906 1133
 718 9462367 0.058768987655639648 9462366
 719 2387104 1.3193650245666504 74565
 720 8613468 4.1814291477203369 239227
 721 4044875 0.58756899833679199 32234
 722 3549323 0.029121875762939453 3549322
 723 1876665 0.045619964599609375 184
 724 8354532 0.31139183044433594 14249
 725 8763051 4.6400129795074463 265514
 726 3259032 0.063770055770874023 446
 727 3593929 0.02950596809387207 3593928
 728 9709934 6.7138681411743164 373433
 729 5042465 19.436170101165771 1008488
 730 9218736 1.1913800239562988 63875
 731 9235595 0.50577616691589355 24938
 732 1679806 16.506954193115234 839901
 733 3145865 0.087713003158569336 1904
 734 2726036 0.24232101440429688 11315
 735 9462270 5.5050358772277832 315379
 736 6731099 0.44877195358276367 23002
 737 6030172 0.086808919906616211 84
 738 8406527 0.054513931274414062 8406526
 739 4052711 5.4053549766540527 311734
 740 7955113 0.051800966262817383 7955112
 741 2458373 0.023046970367431641 2458372
 742 1639353 0.068135976791381836 2288
 743 1777534 0.054548978805541992 933
 744 7067692 0.12115883827209473 2541
 745 156762 0.055652856826782227 2849
 746 2653296 0.059983968734741211 650
 747 195790 0.055742979049682617 2727
 748 6916825 4.8451249599456787 276648
 749 5820214 52.240984916687012 2910105
 750 703594 6.2329709529876709 351795
 751 1503178 0.048273086547851562 837
 752 3603728 0.26615691184997559 12977
 753 5195760 0.42113709449768066 21409
 754 9171371 0.12733912467956543 1450
 755 9248738 0.15230393409729004 3487
 756 1418904 0.13330912590026855 6353
 757 5511026 0.15055298805236816 5239
 758 7633290 0.11140298843383789 677
 759 9173113 0.12388515472412109 1152
 760 2675221 0.081370115280151367 2340
 761 2884599 0.12574005126953125 5110
 762 5372638 47.446491956710815 2686317
 763 3818904 0.10068917274475098 2897
 764 8929528 0.15484094619750977 4017
 765 1768266 0.046505212783813477 369
 766 606829 0.010338068008422852 606828
 767 3396298 0.98375296592712402 54717
 768 4056731 10.664757013320923 579526
 769 3516887 0.18336009979248047 8234
 770 2619704 5.8139278888702393 327455
 771 2203212 0.34746289253234863 16559
 772 5394923 0.1891639232635498 6518
 773 5859359 9.4245810508728027 532658
 774 1319801 0.037317991256713867 40
 775 816493 0.8719179630279541 48012
 776 3284884 0.066348791122436523 33
 777 4041520 0.076889991760253906 102
 778 4465104 0.083413839340209961 155
 779 3898581 0.089173793792724609 1276
 780 5948801 0.30880308151245117 12800
 781 9064836 0.14448404312133789 1984
 782 8660601 1.967911958694458 106840
 783 469041 3.0246560573577881 156344
 784 4333520 0.094112873077392578 1331
 785 3255314 0.72092795372009277 34537
 786 4115741 0.11782193183898926 3020
 787 3623713 0.032866954803466797 3623712
 788 7823122 0.30795407295227051 11871
 789 1019195 0.1003870964050293 4102
 790 8302088 0.1344001293182373 1403
 791 4153656 0.30235195159912109 13001
 792 5408812 24.652007102966309 1352199
 793 7710899 0.18356990814208984 6350
 794 263471 0.034676074981689453 1390
 795 9764450 0.14023590087890625 2293
 796 7369210 13.881927967071533 736911
 797 7874122 72.168018102645874 3937059
 798 4415532 0.090002059936523438 1589
 799 5990214 0.088149785995483398 13
 800 876523 0.0127410888671875 876522
 801 389730 0.030273914337158203 851
 802 6873053 0.2302091121673584 9572
 803 6413923 2.6883699893951416 149118
 804 1802240 0.045900821685791016 128
 805 3209723 0.07603001594543457 1478
 806 8458867 0.055768013000488281 8458866
 807 6798888 0.10641980171203613 1047
 808 6213765 0.16613602638244629 5876
 809 974381 0.27064800262451172 14476
 810 83500 0.0098199844360351562 84
 811 4664640 0.080435991287231445 196
 812 5883127 0.043662071228027344 5883126
 813 4120902 0.075674057006835938 469
 814 3379681 0.1159060001373291 4200
 815 600648 0.026629924774169922 167
 816 6326432 0.10332894325256348 1289
 817 2298792 1.7125978469848633 95759
 818 1909763 2.0054080486297607 112322
 819 1358390 0.037791967391967773 1
 820 4900281 0.21779894828796387 9280
 821 1121627 0.070321083068847656 2746
 822 3576217 0.03072810173034668 3576216
 823 6803254 3.2104489803314209 178995
 824 4102207 1.5774271488189697 87234
 825 282482 2.5080490112304688 141239
 826 5941428 8.8481380939483643 495107
 827 2473061 0.081557989120483398 2020
 828 1179818 0.060675144195556641 1717
 829 2910084 0.073405027389526367 1133
 830 1410209 0.1127018928527832 4520
 831 7281810 1.6593940258026123 80819
 832 7923694 71.090816020965576 3961845
 833 6075917 0.13262414932250977 3796
 834 4190322 12.39500904083252 698381
 835 2710515 3.4296748638153076 180686
 836 4880998 44.016795873641968 2440497
 837 8508970 15.208831071853638 850887
 838 8504710 0.11714506149291992 1221
 839 1420485 0.16493988037109375 8444
 840 4792137 4.0257861614227295 228176
 841 5555472 0.087912082672119141 194
 842 2783623 1.7198610305786133 95958
 843 772720 0.031525135040283203 297
 844 3014399 0.026225805282592773 3014398
 845 9498624 0.11611199378967285 20
 846 7809802 0.12024688720703125 1461
 847 3488457 0.079504013061523438 1544
 848 4024623 0.39019894599914551 19822
 849 2009427 0.058678865432739258 1234
 850 7512181 0.10049891471862793 60
 851 7503922 0.12186908721923828 2031
 852 4481444 0.076879978179931641 307
 853 1728131 0.47404789924621582 25726
 854 4883517 3.2463850975036621 180844
 855 8692551 0.11716198921203613 810
 856 5178081 1.9149789810180664 101480
 857 4220715 5.1233899593353271 281366
 858 8885410 15.743563890457153 888531
 859 6848236 0.62064290046691895 32091
 860 6983667 13.760669946670532 775954
 861 6614738 4.562546968460083 254387
 862 2166987 0.051864862442016602 406
 863 7052559 0.10224699974060059 590
 864 3531965 0.1716461181640625 7492
 865 3485608 0.065582990646362305 18
 866 1843012 0.069575071334838867 2091
 867 7175621 0.14864206314086914 4204
 868 4568706 0.1205899715423584 3835
 869 6528750 0.10997295379638672 1607
 870 8170627 0.12620377540588379 1986
 871 511404 0.050620079040527344 2015
 872 6418386 0.098554849624633789 685
 873 2854517 0.026704072952270508 2854516
 874 3709761 0.079700946807861328 1184
 875 6291442 58.042104959487915 3145719
 876 1302928 0.045527935028076172 378
 877 107344 0.1390831470489502 6693
 878 5137603 1.7131719589233398 84162
 879 9997295 0.17765903472900391 3874
 880 2499121 0.024994134902954102 2499120
 881 7532415 0.36060595512390137 14722
 882 3310467 19.38801383972168 1103486
 883 8629219 1.1751129627227783 62850
 884 4227789 24.841207027435303 1409260
 885 7902569 8.2229280471801758 464840
 886 5220296 0.092192888259887695 1190
 887 4095395 0.10016202926635742 2558
 888 2758751 1.164492130279541 64114
 889 9539627 0.060261011123657227 9539626
 890 9184444 0.51489901542663574 25443
 891 4098359 0.034188032150268555 4098358
 892 8750834 0.13000702857971191 1955
 893 2852449 0.025914192199707031 2852448
 894 3014184 2.2486138343811035 125567
 895 9753453 2.185837984085083 120332
 896 8643872 4.7280519008636475 270089
 897 6155341 0.30963802337646484 13260
 898 3181625 0.5331578254699707 25328
 899 1890951 0.28860211372375488 13270
 900 6543825 1.774738073348999 87176
 901 717240 0.031282901763916016 26
 902 3655923 0.073690891265869141 302
 903 2908396 0.076314926147460938 1071
 904 739674 0.034106016159057617 227
 905 6081067 0.56500005722045898 25866
 906 5093201 0.041401863098144531 5093200
 907 4235194 38.525198936462402 2117595
 908 6491086 8.7269930839538574 463635
 909 905140 0.032839059829711914 249
 910 1144032 0.040980100631713867 586
 911 6036747 0.37270188331604004 18134
 912 8155194 0.12288188934326172 1835
 913 6607384 2.1278750896453857 117933
 914 7011777 0.31585311889648438 14416
 915 2479280 0.055895090103149414 463
 916 4900905 0.25479698181152344 11696
 917 6546546 0.10100793838500977 771
 918 9402355 0.39569807052612305 17742
 919 512413 0.035659074783325195 852
 920 4508477 1.1199209690093994 54236
 921 5853103 0.10257792472839355 798
 922 8232438 0.15836286544799805 3437
 923 5368953 0.71262288093566895 33608
 924 6377651 0.10272598266601562 110
 925 5861976 0.20144987106323242 7135
 926 2076375 0.057338953018188477 470
 927 3933935 0.085206031799316406 722
 928 9023885 2.6653811931610107 138764
 929 4664272 0.082680940628051758 714
 930 4164715 14.890821933746338 832938
 931 3302621 8.2775208950042725 471796
 932 778136 0.090375900268554688 4045
 933 4852736 0.084301948547363281 916
 934 9527208 0.12490105628967285 1103
 935 2573240 0.073103904724121094 1877
 936 1189517 0.043118000030517578 796
 937 8946363 54.369960069656372 2982118
 938 4743340 0.080348014831542969 387
 939 1330329 0.040410041809082031 328
 940 4684520 0.087733030319213867 1162
 941 2096204 0.049897909164428711 220
 942 3324229 0.1012578010559082 3228
 943 1305185 0.054208993911743164 1472
 944 2075381 0.50024986267089844 26876
 945 3836533 0.11511611938476562 3852
 946 3277584 0.065056085586547852 258
 947 3373958 4.2254559993743896 240983
 948 16954 0.0056948661804199219 75
 949 5425686 0.087154150009155273 391
 950 3557626 32.421115875244141 1778811
 951 7267871 9.9688930511474609 559054
 952 338576 0.061532020568847656 2911
 953 6486452 0.28723907470703125 13151
 954 8291646 0.11129212379455566 429
 955 4306188 0.086847066879272461 1403
 956 5665046 2.9878559112548828 166585
 957 2140796 0.048240900039672852 100
 958 9742847 2.9858231544494629 165074
 959 8701545 0.38488101959228516 18248
 960 3667842 0.16533803939819336 7061
 961 8272555 0.13756299018859863 2922
 962 4882001 0.83711385726928711 44680
 963 4169368 1.3490791320800781 74397
 964 3678570 0.13598895072937012 5209
 965 8826931 0.12417316436767578 1230
 966 8605058 0.15339303016662598 3893
 967 4431811 0.035926103591918945 4431810
 968 938731 0.36904501914978027 19926
 969 2491523 0.02376103401184082 2491522
 970 8764716 0.30068206787109375 13145
 971 7910153 0.053585052490234375 7910152
 972 7714786 0.12092018127441406 1875
 973 5616881 1.4552268981933594 79040
 974 7200787 0.44963908195495605 22254
 975 4624503 0.10161304473876953 2422
 976 4191253 0.19568300247192383 8388
 977 4672430 1.2863609790802002 66679
 978 2746830 0.067589998245239258 329
 979 1506625 0.059913158416748047 1416
 980 2176551 0.055102109909057617 90
 981 5793776 0.25264596939086914 11185
 982 4943919 0.096301078796386719 1582
 983 314749 0.020636796951293945 252
 984 6806051 2.6214890480041504 138850
 985 2557307 0.10834813117980957 4186
 986 5304791 0.039352893829345703 5304790
 987 1798528 0.27309203147888184 13923
 988 2828729 0.47103190422058105 24920
 989 3832171 9.7502768039703369 547446
 990 6428213 0.59029603004455566 30548
 991 4328624 4.9577460289001465 270523
 992 8296656 0.11981391906738281 326
 993 2433360 0.22388410568237305 9899
 994 964486 8.8477418422698975 482241
 995 3612055 12.670404195785522 722406
 996 38777 0.043435096740722656 2264
 997 9445679 8.75541090965271 497122
 998 9695587 16.440394878387451 881406
 999 5605451 0.085974931716918945 214
 1000 3685020 1.1209762096405029 61357


